addl <- 
c(0, 0, 0, 0, 0, 0, 0, 0, 0, 0, 0, 0, 0, 0, 0, 0, 0, 0, 0, 0, 0, 0, 0, 0, 0, 0, 0, 0, 0, 0, 0, 0, 0, 0, 0, 0, 0, 0, 0, 0, 0, 0,
0, 0, 0, 0, 0, 0, 0, 0, 0, 0, 0, 0, 0, 0, 0, 0, 0, 0, 0, 0, 0, 0, 0, 0, 0, 0, 0, 0, 0, 0, 0, 0, 0, 0, 0, 0, 0, 0, 0, 0, 0, 0, 0, 0, 0, 0,
0, 0, 0, 0, 0, 0, 0, 0, 0, 0, 0, 0, 0, 0, 0, 0, 0, 0, 0, 0, 0, 0, 0, 0, 0, 0, 0, 0, 0, 0, 0, 0, 0, 0, 0, 0, 0, 0, 0, 0, 0, 0, 0, 0)
amt <- 
c(319.992, 0, 0, 0, 0, 0, 0, 0, 0, 0, 0, 318.56, 0, 0, 0, 0, 0, 0, 0, 0, 0, 0, 319.365, 0, 0, 0, 0, 0, 0, 0, 0, 0, 0, 319.88, 0,
0, 0, 0, 0, 0, 0, 0, 0, 0, 319.956, 0, 0, 0, 0, 0, 0, 0, 0, 0, 0, 320, 0, 0, 0, 0, 0, 0, 0, 0, 0, 0, 319.77, 0, 0, 0, 0, 0, 0, 0, 0, 0, 0,
319.365, 0, 0, 0, 0, 0, 0, 0, 0, 0, 0, 267.84, 0, 0, 0, 0, 0, 0, 0, 0, 0, 0, 320.1, 0, 0, 0, 0, 0, 0, 0, 0, 0, 0, 319.8, 0, 0, 0, 0, 0, 0,
0, 0, 0, 0, 320.65, 0, 0, 0, 0, 0, 0, 0, 0, 0, 0)
cmt <- 
c(5, 5, 5, 5, 5, 5, 5, 5, 5, 5, 5, 5, 5, 5, 5, 5, 5, 5, 5, 5, 5, 5, 5, 5, 5, 5, 5, 5, 5, 5, 5, 5, 5, 5, 5, 5, 5, 5, 5, 5, 5, 5, 5,
5, 5, 5, 5, 5, 5, 5, 5, 5, 5, 5, 5, 5, 5, 5, 5, 5, 5, 5, 5, 5, 5, 5, 5, 5, 5, 5, 5, 5, 5, 5, 5, 5, 5, 5, 5, 5, 5, 5, 5, 5, 5, 5, 5, 5, 5,
5, 5, 5, 5, 5, 5, 5, 5, 5, 5, 5, 5, 5, 5, 5, 5, 5, 5, 5, 5, 5, 5, 5, 5, 5, 5, 5, 5, 5, 5, 5, 5, 5, 5, 5, 5, 5, 5, 5, 5, 5, 5, 5)
cObs <- 
c(2.84, 6.57, 10.5, 9.66, 8.58, 8.36, 7.47, 6.89, 5.94, 3.28, 1.72, 7.91, 8.31, 8.33, 6.85, 6.08, 5.4, 4.55, 3.01, 0.9, 4.4, 6.9,
8.2, 7.8, 7.5, 6.2, 5.3, 4.9, 3.7, 1.05, 1.89, 4.6, 8.6, 8.38, 7.54, 6.88, 5.78, 5.33, 4.19, 1.15, 2.02, 5.63, 11.4, 9.33, 8.74, 7.56,
7.09, 5.9, 4.37, 1.57, 1.29, 3.08, 6.44, 6.32, 5.53, 4.94, 4.02, 3.46, 2.78, 0.92, 0.85, 2.35, 5.02, 6.58, 7.09, 6.66, 5.25, 4.39, 3.53,
1.15, 3.05, 3.05, 7.31, 7.56, 6.59, 5.88, 4.73, 4.57, 3, 1.25, 7.37, 9.03, 7.14, 6.33, 5.66, 5.67, 4.24, 4.11, 3.16, 1.12, 2.89, 5.22,
6.41, 7.83, 10.21, 9.18, 8.02, 7.14, 5.68, 2.42, 4.86, 7.24, 8, 6.81, 5.87, 5.22, 4.45, 3.62, 2.69, 0.86, 1.25, 3.96, 7.82, 9.72, 9.75,
8.57, 6.59, 6.11, 4.57, 1.17)
end <- 
c(11, 22, 33, 44, 55, 66, 77, 88, 99, 110, 121, 132)
evid <- 
c(1, 0, 0, 0, 0, 0, 0, 0, 0, 0, 0, 1, 0, 0, 0, 0, 0, 0, 0, 0, 0, 0, 1, 0, 0, 0, 0, 0, 0, 0, 0, 0, 0, 1, 0, 0, 0, 0, 0, 0, 0, 0,
0, 0, 1, 0, 0, 0, 0, 0, 0, 0, 0, 0, 0, 1, 0, 0, 0, 0, 0, 0, 0, 0, 0, 0, 1, 0, 0, 0, 0, 0, 0, 0, 0, 0, 0, 1, 0, 0, 0, 0, 0, 0, 0, 0, 0, 0,
1, 0, 0, 0, 0, 0, 0, 0, 0, 0, 0, 1, 0, 0, 0, 0, 0, 0, 0, 0, 0, 0, 1, 0, 0, 0, 0, 0, 0, 0, 0, 0, 0, 1, 0, 0, 0, 0, 0, 0, 0, 0, 0, 0)
height <- 
c(1.82, 1.73, 1.89, 1.8, 1.6, 1.83, 1.84, 1.85, 1.9, 1.67, 1.76, 1.74)
ii <- 
c(0, 0, 0, 0, 0, 0, 0, 0, 0, 0, 0, 0, 0, 0, 0, 0, 0, 0, 0, 0, 0, 0, 0, 0, 0, 0, 0, 0, 0, 0, 0, 0, 0, 0, 0, 0, 0, 0, 0, 0, 0, 0, 0,
0, 0, 0, 0, 0, 0, 0, 0, 0, 0, 0, 0, 0, 0, 0, 0, 0, 0, 0, 0, 0, 0, 0, 0, 0, 0, 0, 0, 0, 0, 0, 0, 0, 0, 0, 0, 0, 0, 0, 0, 0, 0, 0, 0, 0, 0,
0, 0, 0, 0, 0, 0, 0, 0, 0, 0, 0, 0, 0, 0, 0, 0, 0, 0, 0, 0, 0, 0, 0, 0, 0, 0, 0, 0, 0, 0, 0, 0, 0, 0, 0, 0, 0, 0, 0, 0, 0, 0, 0)
iObs <- 
c(2, 3, 4, 5, 6, 7, 8, 9, 10, 11, 13, 14, 15, 16, 17, 18, 19, 20, 21, 22, 24, 25, 26, 27, 28, 29, 30, 31, 32, 33, 35, 36, 37, 38,
39, 40, 41, 42, 43, 44, 46, 47, 48, 49, 50, 51, 52, 53, 54, 55, 57, 58, 59, 60, 61, 62, 63, 64, 65, 66, 68, 69, 70, 71, 72, 73, 74, 75,
76, 77, 79, 80, 81, 82, 83, 84, 85, 86, 87, 88, 90, 91, 92, 93, 94, 95, 96, 97, 98, 99, 101, 102, 103, 104, 105, 106, 107, 108, 109, 110,
112, 113, 114, 115, 116, 117, 118, 119, 120, 121, 123, 124, 125, 126, 127, 128, 129, 130, 131, 132)
nObs <- 120
nSubject <- 12
nt <- 132
nti <- 
c(11, 11, 11, 11, 11, 11, 11, 11, 11, 11, 11, 11)
rate <- 
c(0, 0, 0, 0, 0, 0, 0, 0, 0, 0, 0, 0, 0, 0, 0, 0, 0, 0, 0, 0, 0, 0, 0, 0, 0, 0, 0, 0, 0, 0, 0, 0, 0, 0, 0, 0, 0, 0, 0, 0, 0, 0,
0, 0, 0, 0, 0, 0, 0, 0, 0, 0, 0, 0, 0, 0, 0, 0, 0, 0, 0, 0, 0, 0, 0, 0, 0, 0, 0, 0, 0, 0, 0, 0, 0, 0, 0, 0, 0, 0, 0, 0, 0, 0, 0, 0, 0, 0,
0, 0, 0, 0, 0, 0, 0, 0, 0, 0, 0, 0, 0, 0, 0, 0, 0, 0, 0, 0, 0, 0, 0, 0, 0, 0, 0, 0, 0, 0, 0, 0, 0, 0, 0, 0, 0, 0, 0, 0, 0, 0, 0, 0)
ss <- 
c(0, 0, 0, 0, 0, 0, 0, 0, 0, 0, 0, 0, 0, 0, 0, 0, 0, 0, 0, 0, 0, 0, 0, 0, 0, 0, 0, 0, 0, 0, 0, 0, 0, 0, 0, 0, 0, 0, 0, 0, 0, 0, 0,
0, 0, 0, 0, 0, 0, 0, 0, 0, 0, 0, 0, 0, 0, 0, 0, 0, 0, 0, 0, 0, 0, 0, 0, 0, 0, 0, 0, 0, 0, 0, 0, 0, 0, 0, 0, 0, 0, 0, 0, 0, 0, 0, 0, 0, 0,
0, 0, 0, 0, 0, 0, 0, 0, 0, 0, 0, 0, 0, 0, 0, 0, 0, 0, 0, 0, 0, 0, 0, 0, 0, 0, 0, 0, 0, 0, 0, 0, 0, 0, 0, 0, 0, 0, 0, 0, 0, 0, 0)
start <- 
c(1, 12, 23, 34, 45, 56, 67, 78, 89, 100, 111, 122)
TC <- 
structure(c(0.11957, 0.08563, 0.02, 0.0171, 0.0047, 0.0044, 0.026, 0.0076, 0.4, 0.0026, 0.0371, 0.0424, 0.18, 0.439, 0.77, 0.718, 0.758,
0.783, 0.751, 0.811, 0.76, 0.788, 0.718, 0.945, 0.79, 0.074, 0.051, 0.0487, 0.0115, 0.0207, 0.0348, 0.003, 0.0238, 0.0201, 0.0284, 0.0035,
0.002, 0.0011, 0.0565, 0.0163, 0.0166, 0.0162, 0.0252, 0.009, 0.0072, 0.0198, 0.0111, 0.00225, 7.1, 7, 7.1, 7, 7.1, 7.22, 7.23, 6.6, 6.81,
7, 7, 7.4),
.Dim = c(12, 5))
time <- 
c(0, 0.25, 0.57, 1.12, 2.02, 3.82, 5.1, 7.03, 9.05, 12.12, 24.37, 0, 0.27, 0.52, 1, 1.92, 3.5, 5.02, 7.03, 9, 12, 24.3, 0, 0.27,
0.58, 1.02, 2.02, 3.62, 5.08, 7.07, 9, 12.15, 24.17, 0, 0.35, 0.6, 1.07, 2.13, 3.5, 5.02, 7.02, 9.02, 11.98, 24.65, 0, 0.3, 0.52, 1, 2.02,
3.5, 5.02, 7.02, 9.1, 12, 24.35, 0, 0.27, 0.58, 1.15, 2.03, 3.57, 5, 7, 9.22, 12.1, 23.85, 0, 0.25, 0.5, 1.02, 2.02, 3.48, 5, 6.98, 9,
12.05, 24.22, 0, 0.25, 0.52, 0.98, 2.02, 3.53, 5.05, 7.15, 9.07, 12.1, 24.12, 0, 0.3, 0.63, 1.05, 2.02, 3.53, 5.02, 7.17, 8.8, 11.6,
24.43, 0, 0.37, 0.77, 1.02, 2.05, 3.55, 5.05, 7.08, 9.38, 12.1, 23.7, 0, 0.25, 0.5, 0.98, 1.98, 3.6, 5.02, 7.03, 9.03, 12.12, 24.08, 0,
0.25, 0.5, 1, 2, 3.52, 5.07, 7.07, 9.03, 12.05, 24.15)
weight <- 
c(79.6, 72.4, 70.5, 72.7, 54.6, 80, 64.6, 70.5, 86.4, 58.2, 65, 60.5)
