CLintHat <- 1245.19123013436
eta <- 
structure(c(0, 0, 0, 0, 0, 0, 0, 0, 0, 0, 0, 0, 0, 0, 0, 0, 0, 0, 0, 0),
.Dim = c(1, 20))
KbAD <- 6.86383556204729
KbBO <- 1.36972329622999
KbBR <- 2.62258481474506
KbMU <- 1.11309219140056
KbRB <- 2.3558411876281
L <- 
structure(c(1),
.Dim = c(1, 1))
omega <- 0.282161741678332
sigma <- 0.674916845544405
